baseline_run=0
coverage_percent,entities,candidates,query_us,checksum
1,100000,1000,5.8245,19980000000
10,100000,10000,77.866,199818000000
100,100000,100000,583.548,1999980000000
optimized_run=0
coverage_percent,entities,candidates,query_us,checksum
1,100000,1000,2.8255,19980000000
10,100000,10000,31.3755,199818000000
100,100000,100000,277.471,1999980000000
baseline_run=1
coverage_percent,entities,candidates,query_us,checksum
1,100000,1000,5.8775,19980000000
10,100000,10000,74.155,199818000000
100,100000,100000,587.207,1999980000000
optimized_run=1
coverage_percent,entities,candidates,query_us,checksum
1,100000,1000,2.9075,19980000000
10,100000,10000,34.264,199818000000
100,100000,100000,278.769,1999980000000
baseline_run=2
coverage_percent,entities,candidates,query_us,checksum
1,100000,1000,5.773,19980000000
10,100000,10000,74.976,199818000000
100,100000,100000,572.338,1999980000000
optimized_run=2
coverage_percent,entities,candidates,query_us,checksum
1,100000,1000,2.955,19980000000
10,100000,10000,29.2795,199818000000
100,100000,100000,290.058,1999980000000
baseline_run=3
coverage_percent,entities,candidates,query_us,checksum
1,100000,1000,6.199,19980000000
10,100000,10000,73.921,199818000000
100,100000,100000,555.485,1999980000000
optimized_run=3
coverage_percent,entities,candidates,query_us,checksum
1,100000,1000,2.838,19980000000
10,100000,10000,29.9105,199818000000
100,100000,100000,269.603,1999980000000
baseline_run=4
coverage_percent,entities,candidates,query_us,checksum
1,100000,1000,5.952,19980000000
10,100000,10000,73.8315,199818000000
100,100000,100000,566.743,1999980000000
optimized_run=4
coverage_percent,entities,candidates,query_us,checksum
1,100000,1000,2.8705,19980000000
10,100000,10000,31.6765,199818000000
100,100000,100000,270.806,1999980000000
baseline_run=5
coverage_percent,entities,candidates,query_us,checksum
1,100000,1000,5.7965,19980000000
10,100000,10000,70.137,199818000000
100,100000,100000,579.657,1999980000000
optimized_run=5
coverage_percent,entities,candidates,query_us,checksum
1,100000,1000,3.256,19980000000
10,100000,10000,33.699,199818000000
100,100000,100000,260.776,1999980000000
