baseline_run=0
coverage_percent,entities,candidates,query_us,checksum
1,100000,1000,2.8185,19980000000
10,100000,10000,43.2065,199818000000
100,100000,100000,268.108,1999980000000
optimized_run=0
coverage_percent,entities,candidates,query_us,checksum
1,100000,1000,2.293,19980000000
10,100000,10000,20.939,199818000000
100,100000,100000,201.588,1999980000000
optimized_run=1
coverage_percent,entities,candidates,query_us,checksum
1,100000,1000,2.3235,19980000000
10,100000,10000,22.6135,199818000000
100,100000,100000,201.995,1999980000000
baseline_run=1
coverage_percent,entities,candidates,query_us,checksum
1,100000,1000,2.9175,19980000000
10,100000,10000,33.9095,199818000000
100,100000,100000,294.857,1999980000000
baseline_run=2
coverage_percent,entities,candidates,query_us,checksum
1,100000,1000,2.916,19980000000
10,100000,10000,33.603,199818000000
100,100000,100000,299.712,1999980000000
optimized_run=2
coverage_percent,entities,candidates,query_us,checksum
1,100000,1000,2.3205,19980000000
10,100000,10000,23.933,199818000000
100,100000,100000,204.076,1999980000000
optimized_run=3
coverage_percent,entities,candidates,query_us,checksum
1,100000,1000,2.3195,19980000000
10,100000,10000,22.3135,199818000000
100,100000,100000,208.007,1999980000000
baseline_run=3
coverage_percent,entities,candidates,query_us,checksum
1,100000,1000,2.8355,19980000000
10,100000,10000,37.182,199818000000
100,100000,100000,302.523,1999980000000
baseline_run=4
coverage_percent,entities,candidates,query_us,checksum
1,100000,1000,2.8805,19980000000
10,100000,10000,33.999,199818000000
100,100000,100000,295.507,1999980000000
optimized_run=4
coverage_percent,entities,candidates,query_us,checksum
1,100000,1000,2.3305,19980000000
10,100000,10000,22.393,199818000000
100,100000,100000,204.851,1999980000000
optimized_run=5
coverage_percent,entities,candidates,query_us,checksum
1,100000,1000,2.3555,19980000000
10,100000,10000,23.0135,199818000000
100,100000,100000,198.14,1999980000000
baseline_run=5
coverage_percent,entities,candidates,query_us,checksum
1,100000,1000,2.842,19980000000
10,100000,10000,36.051,199818000000
100,100000,100000,442.45,1999980000000
