baseline_run=1
coverage_percent,entities,candidates,query_us,checksum
1,100000,100000,337.18,19980000000
10,100000,100000,514.073,199818000000
100,100000,100000,1966.84,1999980000000
optimized_run=1
coverage_percent,entities,candidates,query_us,checksum
1,100000,1000,5.9375,19980000000
10,100000,10000,80.2285,199818000000
100,100000,100000,598.701,1999980000000
baseline_run=2
coverage_percent,entities,candidates,query_us,checksum
1,100000,100000,342.788,19980000000
10,100000,100000,538.844,199818000000
100,100000,100000,1993.59,1999980000000
optimized_run=2
coverage_percent,entities,candidates,query_us,checksum
1,100000,1000,5.808,19980000000
10,100000,10000,73.3105,199818000000
100,100000,100000,581.791,1999980000000
baseline_run=3
coverage_percent,entities,candidates,query_us,checksum
1,100000,100000,332.258,19980000000
10,100000,100000,491.948,199818000000
100,100000,100000,1970.37,1999980000000
optimized_run=3
coverage_percent,entities,candidates,query_us,checksum
1,100000,1000,6.3685,19980000000
10,100000,10000,78.966,199818000000
100,100000,100000,583.831,1999980000000
